[ 0.15099     0.24371745  1.9371916   1.626268    0.17536566  0.12343897
 -0.24539632  1.1383747   0.1809747   0.43144867  1.5788137   0.5631663
 -0.12505187  1.6090077   0.63193166 -1.2797495  -1.4958035  -1.4679762
  0.78426194 -0.26429245  1.4642079  -0.78466177 -0.34686363  0.8451806
  1.1659801  -0.04939902 -0.05039042  0.13993466 -1.4479927  -0.5886932
 -0.0279063   0.02502359 -0.98286796 -1.3834965   0.5857146   0.8208131
 -0.29651153  0.6203835  -0.8061441  -0.8402084  -0.5722195   0.81834
  1.0191556  -1.8365562  -0.53879994]

[ 0.2588263  -0.6415614  -0.24375175  0.8647664  -0.27242893  0.21361525
 -0.9156331  -0.9970758  -0.58919704  0.31443664  0.20201226 -0.39709064
  0.07729889  0.28016046  0.33791155 -0.60057616 -0.5769165  -0.07261446
  0.26955825 -0.9353513  -0.14098072 -0.2830798  -0.3855425   0.7581569
  0.1394746   0.47512197 -0.16533558  0.33243042 -0.7767789  -0.7864655
  0.38740703 -0.9693764   0.21289915 -0.267734    0.35658148 -0.9057743
 -0.4631476   0.5723492   0.3582761  -0.17841372 -0.71466744  0.304815
  0.23669302 -0.04410882  0.07987775]

[ 1.5932152  -0.19895738  1.6489639   2.4467356  -0.44221058  1.41315
  0.20126802  0.2129136  -0.10118253 -0.24416395  2.1596048   0.99680513
  0.11269906  1.3254449  -0.28069827 -0.4922761  -0.02085909 -0.6898357
  0.8981594  -2.0212107   0.7007897   0.11839002 -0.03838724  0.5207318
  1.9466585   0.33536947  1.2362745  -0.03207419 -2.1200871  -1.1653622
 -0.9396785   0.11041618 -0.15255637  0.0120803  -0.19369915  0.80933243
 -0.7965275   0.8516064   1.4311367   1.0300859  -1.5175458   1.1012273
  0.81979454 -0.55053633 -0.29348215]

[-0.05390843 -0.41239938 -0.20918217  1.3799567   0.43822914  0.39227203
 -0.08050136  0.266819   -0.629461    0.4777873   0.03152597  0.32632303
  0.38139415  0.77099663  0.24850078 -0.39456916 -0.10150659 -0.6060139
 -0.31229106 -1.0436327  -0.43644515 -0.00180307 -0.40324688  0.7873549
  0.36383525  0.43533546 -0.23059507  0.568367   -0.38687596 -1.0085723
  0.09330131 -0.9078928   0.4306163  -0.43164068  0.08143906 -0.36509904
 -0.09308095  0.6181335   0.02791154 -0.4074763  -0.64563656  0.22243726
  0.10535632  0.09720582  0.30450618]

[-0.0135319  -0.00471902 -0.00362588  0.02184823  0.00060231 -0.01911139
  0.01558136  0.01470253  0.0177711  -0.01012121 -0.02093155 -0.00600646
  0.01909038  0.01426611  0.01012053 -0.00177747 -0.00046289  0.02012671
  0.01369852  0.00843657  0.02121771  0.00145353 -0.01549773  0.01464314
  0.00405909  0.01366861  0.01360298  0.00728536 -0.02189401  0.00714751
 -0.02027013  0.00516567 -0.01827238 -0.00088522  0.01717889 -0.00247594
 -0.00251957  0.0063591  -0.00865239  0.01720523 -0.00045632  0.00746525
 -0.00420534  0.01002767 -0.00958637]

[-0.1508691  -0.24840362  0.27655917  0.78206867  0.26939708 -0.09223796
 -0.14506832 -0.07418536  0.09299982  0.25467178  0.33530784 -0.07186072
  0.32120678  0.2963553   0.01435502 -0.57601064  0.10287397 -0.08351486
 -0.249193   -0.583937   -0.15976392  0.078375   -0.44088706  0.37875998
  0.83215183  0.40038413  0.08390002  0.3314127  -0.12300365 -0.4076033
 -0.165904   -0.20123224  0.32162115 -0.32165834  0.20234056 -0.02019023
 -0.6662307   0.5199091  -0.05254466 -0.12710865 -0.33615348  0.38096178
  0.44653445 -0.11821983 -0.05191012]

[ 0.15687619 -0.24342622  0.7084796   0.7931063   0.3687867  -0.13192675
 -0.26371527  0.06256791 -0.18981512  0.3363816   0.7116204  -0.14192134
  0.34115705  0.60154504  0.06513713 -0.52029866 -0.29031128 -0.58911645
  0.29897064 -0.53852004  0.01897491 -0.16421801 -0.42694417  0.14758265
  1.0908455  -0.05121785 -0.00385689  0.48373997 -0.16039625 -0.3253189
  0.04390065 -0.17238009  1.0171744  -0.25194177  0.59885913 -0.21276061
 -0.95348895  0.80079    -0.19305517 -0.07531739 -0.17483112  0.6458077
  0.511923   -0.59935194  0.14530933]

[-0.2063691  -0.17219733  1.1986971   1.3300642  -1.129727    0.0245078
 -0.36358923  0.08281247  0.00601672 -0.13031024  1.0489432   0.05577238
 -0.35207686  0.8445941   1.7447838  -0.13491651 -0.9219324  -0.29347596
  0.24045898 -0.15766402  1.1599661   0.24993403  0.50790566  1.1400194
  1.5621736   0.5852129   1.0506384  -0.58442247 -0.89210695 -1.3310748
 -0.31170037 -0.3318823   0.97007436 -0.17781134  1.0937067  -0.127092
 -1.1049265   0.85655     0.14322834 -0.6788138   0.03233888 -0.5616751
 -0.37112856 -0.8062337   0.19328207]

[-0.03378028 -0.325196    0.44478834  0.43796235  0.06578579  0.3856882
  0.23551537 -0.0223092  -0.06615261  0.0190177   0.33238837 -0.16482022
  0.10611422 -0.05227768  0.24549142 -0.59211946 -0.22000481 -0.33287027
  0.0554226   0.07953282 -0.00758891 -0.44145912 -0.08684567 -0.0314678
  0.6369599   0.23010539  0.3599918  -0.1936016  -0.6702669  -0.36394697
 -0.6134104  -0.1361364   0.46986687 -0.44357374  0.4701724   0.1587672
 -0.84072864  0.72381073 -0.12158056 -0.02008639 -0.21508925  0.498457
  0.05492669 -0.27940595  0.3453674 ]

[-1.2542716e-02 -6.5443674e-03 -1.1254747e-02 -5.6529843e-04
 -1.7844650e-03  5.9663560e-03  9.7603714e-03 -5.1109577e-03
 -5.5758422e-04  1.7562604e-02 -1.0272691e-02  2.1823294e-02
 -1.4371951e-03 -3.8888720e-05 -9.8068817e-03  9.5973890e-03
 -4.7609778e-03 -1.2593023e-02 -1.0042278e-02 -1.9874509e-02
 -2.9343658e-03 -1.3835422e-02  1.8950298e-02  2.1821639e-02
  8.7249838e-03 -2.1173753e-02  1.3769325e-02  1.6847869e-02
 -1.2388073e-02 -7.1524857e-03  1.1701035e-02 -8.0986656e-03
 -2.2026829e-02 -1.5756025e-03  1.1011256e-03 -2.6160877e-04
  4.1128900e-03 -4.0715588e-03  8.4633483e-03  1.4885171e-02
 -9.4003016e-03  2.0383239e-02  1.3062425e-04 -9.3185054e-03
 -1.3692861e-02]

[-0.02860826 -0.5938437  -0.23353098  0.88850963  0.01250618  0.4940052
  0.15437594 -0.0275283  -0.00649107  0.36865297  0.87799495 -0.283701
  0.13878375  0.29805517  0.22845729 -0.49315825 -0.03011816 -0.08095731
 -0.11741083 -0.08353988 -0.527573   -0.2691331  -0.23544435  0.3501384
  0.4027642   0.52565277  0.2599922  -0.2335617  -0.31581646 -0.28984737
 -0.25608712 -0.44497576  0.23372804 -0.68227494  0.385646    0.00527037
 -0.3552512   0.60014087  0.23704922 -0.06422332 -0.13184112  0.1307427
  0.06225631 -0.033734    0.14223838]

[-0.5897425   0.03785276  0.31409386  1.2668072   0.05646779  0.5812288
 -0.24780734  0.11176845 -0.7081956  -0.24848619  1.0849979  -0.119941
 -0.24573566  0.2762163   0.7022566  -0.4140416  -0.21954493 -0.56467676
 -0.4458407  -0.2087993  -0.36231714 -0.28185007 -0.7839304   0.40356356
  1.1367956   0.2422369   0.10960257  0.97073394 -0.02724783 -0.5340215
 -0.11656614 -0.4068514   0.9474722  -0.04363517  0.53382456  0.20964031
 -1.0410508   0.8638125   0.20574124  0.15896273 -0.22051077 -0.17284869
  0.2631066  -0.75384367  0.6823153 ]

[ 3.4005608e-02 -1.6118949e-05  1.4887125e+00  1.2074344e+00
 -8.7801623e-01  1.5737445e+00 -4.3628734e-01 -4.1510221e-02
 -4.4628569e-01  4.5124510e-01  1.3641682e+00 -8.1126243e-01
  6.9557488e-01  1.3295467e+00  8.4888691e-01 -7.8769523e-01
 -1.6741769e-02  5.8779806e-01  1.0302192e+00 -9.4217664e-01
  5.9516633e-01 -8.0768824e-01  3.5776874e-01  1.2050205e+00
  2.1957900e-01 -2.3549195e-01 -1.1789464e-01 -6.2510955e-01
 -1.0525914e+00 -1.5419601e+00 -5.2600369e-02  7.5060681e-02
 -5.9812795e-04 -1.6520940e-01 -4.0778887e-02 -6.3900040e-03
 -1.5001128e+00  1.4449205e+00  6.1347306e-01 -2.3725443e-01
 -5.1508325e-01  7.7411151e-01 -7.9871543e-02 -1.6469461e+00
  6.0919309e-01]

[-1.1918905  -1.2171522  -0.19418062  0.7185728   0.20126975 -0.16838531
 -0.8733882  -0.41181952 -0.8947757   0.51834667  0.9447274  -0.00862128
 -0.63018894 -0.06378211 -0.37626076 -1.6640434   0.6307261   0.2471484
  0.3980607  -1.6142193   0.8511086   0.0223486  -0.22903804  0.72341406
  0.37629184  0.3402437  -0.52865285 -1.467837   -1.0296396  -1.4063933
 -0.24435699  0.02631989  0.8737998  -0.67489517  1.3075871  -0.16179334
  0.00717977  1.4661354   0.004052   -0.20887914 -0.00680884  1.3111519
 -0.12762752 -0.97571844  1.0240701 ]

[-0.8008482  -0.47494593  0.10318673  2.3161864  -0.09621276  0.6862277
  0.2093298   1.0157381  -0.13971691  0.4459111   0.42766345  0.62977266
 -0.4793067   0.64252985  0.53397435 -0.71224004 -0.13275397 -0.520421
  0.68747854 -0.82922226  0.18514343  0.42328712 -0.18771097  0.68012565
  1.2539382   1.1487261   0.88035405  1.3090577  -0.6269673  -1.3543762
  0.04235112 -0.7234332   0.26494887 -0.6987919   0.3494914   0.060704
 -0.22390096  0.04113353  0.42730698 -0.3837076  -1.2032394  -0.3087116
 -0.5550875   0.02486613  0.41754547]

[-1.53028265e-01 -7.35005662e-02  3.61967593e-01  4.94505316e-01
 -4.64774445e-02  2.55124152e-01 -8.19196701e-02 -2.06419602e-02
 -1.15342848e-01  4.19044234e-02  3.28285098e-01 -4.75026754e-04
  2.45471567e-01  1.77286208e-01  4.27451096e-02 -6.09511554e-01
 -2.10423335e-01 -3.34322639e-02 -1.05766706e-01 -2.82803714e-01
  1.21673077e-01 -2.95034379e-01 -1.77427068e-01  2.18932599e-01
  3.88112217e-01  1.28414154e-01  7.20859244e-02  2.11020201e-01
 -3.89409177e-02 -2.35803157e-01 -2.12776959e-01 -2.66255081e-01
  2.90926307e-01 -2.40759611e-01  5.37830256e-02  2.40832120e-02
 -5.41549504e-01  4.24954295e-01  1.22736149e-01 -1.31207347e-01
 -3.79169197e-03  1.69820145e-01  2.97735989e-01 -1.03240892e-01
  2.68094808e-01]

[-2.0566185  -0.46593112  1.4512674   1.3380513   0.54148465  1.6775658
  0.2638485  -0.00816625 -1.2026594   0.8941047   2.0839143  -0.90821666
  0.18725465  2.0467374   1.292645   -0.87122077 -0.99215853 -0.08502813
  1.191725   -0.9826245   0.69030726 -0.07182562 -0.1170653  -0.15066263
  1.304415    0.17134315  0.51909107 -0.04525873 -0.6919439  -0.8287699
  0.3597024  -0.6247942  -0.26583567  0.5146847  -0.09301952 -0.18109936
 -1.6735586   1.0053062   0.03688729 -0.89374924 -1.0054612   0.79522574
 -0.8771836  -0.6646784  -0.6350138 ]

[-0.02064574 -0.01497504  0.01539243  0.00748893  0.00368202  0.02215172
 -0.00987364 -0.00794491  0.00889634  0.00739248  0.01441408 -0.00593408
 -0.01522157  0.01435448 -0.01531975 -0.00780345 -0.01393852  0.01754824
  0.00967921 -0.00227977 -0.00735472 -0.00245407  0.01074031  0.01563702
 -0.01300493 -0.01958052  0.01731636 -0.01636613  0.01847839 -0.00264545
 -0.01258548  0.01125568  0.02012348 -0.01896888  0.00991468 -0.00803636
  0.01257895  0.01737379 -0.00147008 -0.01887694 -0.00766506 -0.00737534
 -0.00723205 -0.00445262 -0.01231809]

[-0.48772871 -0.29228732  0.38062355  0.6140353  -0.26410872  0.66932416
 -0.00466313  0.10765647 -0.18823417  0.1828378   0.96459866 -0.20583421
  0.3020779   0.60217535  0.44152135 -0.42684388 -0.5683339   0.18454087
  0.08805764 -0.5229912   0.2150857  -0.09202322  0.0416823   0.36196235
  0.3789134   0.6150881   0.28412238 -0.07969607 -0.3583072  -0.61365896
 -0.05113213 -0.3444608   0.02887884  0.0575912   0.30674502  0.3515794
 -0.3787938   0.4462961   0.26889852 -0.33669308 -0.19614941  0.31912872
 -0.22424327 -0.29024076  0.22722155]

[-0.28278878  0.34116712  1.7229853   0.6865312   1.0260708   0.63660777
 -0.16439748  1.1873611  -0.23329803  0.7244027   0.4575653   0.6662044
  0.9513592   0.05245848 -0.2735451  -0.90924245  0.40327388 -0.8695782
  0.88196915 -1.0552659   0.18351114 -0.70188516  0.25290897  0.39917144
  1.2658299   0.68558663  0.26336712  0.44079497 -1.1638256  -0.68097645
  0.50685304 -0.45116326  1.100915   -0.5408628  -0.06792016  0.36641526
 -0.8100449   0.87714106  0.17944914 -0.42698726 -0.8638166   1.0905527
  0.80870944 -0.7696947   0.24420951]

[ 0.8552459  -0.5440487   0.5873682   2.4880607   0.08051612  0.47802243
 -0.47992992  0.14011368 -0.03526201 -0.15485266  0.94991606  0.7441384
  0.35970095  1.2400235  -0.15968946 -0.58710164  0.04039392  0.06761968
  0.06674908 -0.78582066  1.0100325   0.2966779   0.21996695  0.16900362
  1.3173442   0.8344563   1.1330312  -0.861107   -1.5884413  -0.40891668
 -0.74150425 -0.71145785  0.3490749  -0.45054775  0.54171264  0.41453567
 -0.7434042  -0.04301435  0.21784322  0.702701   -1.5295337   0.8396223
  0.9284668  -0.28170076  0.4152819 ]

[-0.11554441 -0.16335863  0.34269628  1.1611496   0.21111394  0.48979542
 -0.11353283  0.3227045  -0.10637637  0.3173553   0.9794841  -0.15422863
  0.05189053  0.82527846  0.4214501  -0.45044234 -0.5120704   0.16849099
  0.5167586  -0.9769591  -0.0977248   0.30328804 -0.32698923  0.8206903
  0.24766235  0.6896708   0.09004208  0.3893216   0.7568254  -0.71109617
  0.12024019 -0.22125052  0.6808324  -0.42454666  0.63135934  0.49183682
 -1.2548403   0.81227344  0.34982562 -0.14352183 -0.05131925 -0.01644633
  0.706881   -0.44668376  0.26064843]

[ 0.2599324  -0.68154085  1.3852952   0.500766   -0.17172132  0.70033705
 -0.5447094  -0.05591238 -0.39601102 -0.51220125  0.7720765  -0.34790334
  0.5820675   0.5410675   0.31449187  0.0680341  -0.3647665  -0.5348046
  0.5112497  -0.06118775  0.03358799  0.89187396  0.23085152  0.77481097
  1.4112992   0.9084725   0.00362234 -0.83677816 -1.6349299  -1.0731198
 -0.9296123   0.3401217   0.81155455  0.18120944  0.6317134   0.29225728
 -1.3421022   1.3917392  -0.06343446 -0.7575086  -0.73132324  0.2889742
  0.7289306  -1.1913073   0.4837554 ]

[ 0.24635579 -0.38015878  1.9163423   0.69058543 -0.3643309   0.36636177
 -0.4184115   0.5021005   0.47534752 -0.25218052  1.2047647   0.19280821
  0.3147487   1.2704854  -0.3347685  -0.8364575   0.15750511 -0.43759838
 -0.5143549  -1.4895954  -0.43948448  1.115906   -0.08004743  0.27187473
  0.9767146   0.13519266  0.96588945 -0.48872742 -1.4453969  -0.8823378
 -0.03932426 -0.9757322  -0.16971108 -0.9969544   0.4133613  -0.55897623
 -1.0175431   0.85058355 -0.40070376 -0.32893112 -0.67299044  0.9899427
  0.12321021 -1.110827   -0.37581077]

[-0.01453065 -0.00279183  0.00948234  0.00047647  0.00794083  0.00368874
  0.00448302 -0.01305944 -0.01761561  0.01395857  0.01528523  0.00188009
 -0.00172313 -0.01510693 -0.00693755  0.0215826  -0.00642309  0.00094013
 -0.01980091  0.00116247  0.00565872  0.02152828  0.00491631  0.00206413
 -0.0145379  -0.01048085  0.01413979 -0.00773701 -0.01666592 -0.01147998
  0.0030949  -0.01127518  0.01948946 -0.01685448  0.01637516 -0.02122751
 -0.01502554  0.01770661  0.01559468  0.01653435  0.02125598 -0.00262699
 -0.0193082  -0.01518942  0.02081495]

[-0.08423846 -0.8145755   0.8159763   1.7545198   0.4892941  -0.04745023
  0.02565844  0.92418927  0.07017938 -0.10359688  0.3423565   0.36327294
  0.0751776   1.2429715   0.74009013 -1.1236863  -0.7994308  -0.7592066
 -0.03336533 -1.8289047  -0.91649806  0.33750275 -0.7093832  -0.03578472
  1.0985446   0.353205    0.6921046   0.5778675  -0.6130853  -0.59744895
 -0.00308744 -1.1832345   0.7792315  -0.30169988  0.05852973  0.31728283
 -0.09016164  1.4186919  -0.08793579 -0.42625013 -0.35694286  1.2551736
 -0.5038866  -0.47402722  0.9141838 ]

[ 0.8267509  -1.0187553   1.9045868   2.8894324   0.69231695  1.4129617
 -0.14251834  0.8883333  -0.5979673  -0.53524727  1.4613123   0.5688693
  0.5821273   1.4851023   0.3829573  -0.31991762  0.33699822  0.39591876
  0.6935353  -2.2319143   1.3174419  -0.65293366 -0.42274553  0.7058848
  1.6148572   0.26893508  1.4497815  -0.50030154 -1.5170982  -1.7427622
 -0.82682693 -0.5948001   0.02484094 -0.7186506  -0.65096974  0.7685794
 -0.10308065 -0.26921624  0.9783505   0.2558517  -1.0270897   0.51101166
  0.30778638 -0.93835634 -0.126212  ]

[ 0.01039006 -0.46665603  0.25310212  1.5651565   0.49806952  0.47922075
 -0.47231498 -0.34396267 -0.46828282  0.29518592  1.1578395   0.44649705
  0.19516324  0.73858607 -0.07330163 -0.5892304  -0.74629414 -0.4275394
 -0.08817962 -0.5523586   0.40918046  0.2661905  -0.1637837   0.819778
  1.2543855  -0.08379941 -0.62540877  0.39436367 -0.8202274  -0.34489465
  0.65692025 -0.62698925  0.41570547  0.23029104  0.08953775 -0.42972216
 -0.07452175  1.4402697   0.8620219  -0.9460627  -1.2127384  -0.5915594
 -0.09751806 -0.58507866  0.1889539 ]

[ 0.336107    0.9357858   0.37486413  1.6971496   0.97458714  0.7858904
 -0.21915191 -0.07517765 -0.24956475 -0.4508216   0.6944583  -0.09981681
  0.61337     0.477838    0.46007127 -0.92403185 -0.3058422   0.07414873
  0.56112516 -1.2391415   0.05878834  0.15914622 -0.21327701  0.146071
  0.8331452   0.430674   -0.04066411  1.3431308  -0.7904886   0.19762743
 -0.07632314 -1.4291189   0.37461025 -0.1360852   0.18438788  0.05949577
 -0.34813154  0.7871867   0.7367689   0.27077055 -0.8077003  -0.04802648
 -0.2961771  -0.9602809   0.19341572]

[-0.0145827   0.00224717  0.0035017   0.00560931 -0.02028545 -0.00260971
 -0.01771738 -0.01141843 -0.02049801 -0.01240672 -0.02030597 -0.01896731
  0.01405954 -0.00277091 -0.0175408   0.02026687 -0.0146536   0.02068617
  0.01142733 -0.01380221 -0.00121446 -0.01426816  0.00908875 -0.011431
  0.01729364 -0.01840818  0.00530174 -0.00986749 -0.00975961 -0.00238374
  0.01176522 -0.00738735 -0.01395483 -0.0199304   0.01429071  0.01908553
  0.02052606 -0.00898076  0.0079544  -0.00060827 -0.00566502  0.00461747
 -0.0138942   0.00219316  0.01900197]

[ 0.3590561   0.04845391  1.8928885   1.3824738   0.39553288  0.79451764
 -0.43301198 -1.0322872   0.32068855  0.5345581   1.0121156   0.12878291
 -0.58956826  1.1747526  -0.36264485 -0.00737278  0.1632898   0.45603004
 -0.16126312 -0.9124701   1.3262814  -0.12522124  0.15986331  0.813288
  1.1588572   1.049354   -0.21015619 -0.25812554 -0.76054496 -1.1929014
 -0.2598834   0.10516107  1.1511185  -0.68216103  0.3784985  -0.40260494
 -0.30161515  0.9624671   0.4369986  -0.811133    0.1078376   0.05406038
  0.5255182  -1.2054603   0.23714398]

[-0.01737143 -0.01364362 -0.0018128  -0.01640064  0.00806445 -0.00424422
 -0.00214754  0.01222138 -0.01694703 -0.00403591 -0.02198705 -0.01574492
 -0.01879907  0.0209042   0.00634642 -0.00842338  0.00015259 -0.00535311
 -0.00837031  0.01478937  0.00408264 -0.01326666 -0.01636369  0.00731563
 -0.01799131 -0.00038546  0.00834183 -0.01726134 -0.00898832 -0.0154939
  0.00963547  0.00015441 -0.00892859 -0.01016214  0.01361614  0.02145252
 -0.02044211  0.01839697  0.0007037  -0.0064791   0.00335069  0.02018424
  0.00534065  0.00428254  0.01343787]

[ 0.0164425   0.00360007 -0.00686111  0.00048412 -0.01397721 -0.0185775
  0.02074484  0.02213639 -0.0202076  -0.01922469 -0.00301351  0.00301798
  0.01907603 -0.01508974  0.00696842  0.01146832  0.00263491 -0.01860518
  0.00487167 -0.01266658  0.00872561 -0.00710993 -0.01435984  0.01070735
  0.00194755  0.0027542   0.01729902  0.02008143 -0.01960953  0.00861918
 -0.0165506   0.00686613 -0.01090238  0.02151176 -0.01075157 -0.02018062
 -0.01414521  0.00787255  0.01781837 -0.02126614 -0.00231594  0.01465015
 -0.00493578 -0.01214721  0.00316481]

[-0.6009813  -0.78852725  0.33140528  0.9950071   0.02063167  0.768209
  0.18821654  1.0428329  -0.38728002 -0.0771133   0.30907884  0.17749737
 -0.17666829  0.6862538   0.5637229  -1.1065788  -1.0612714  -0.51584005
 -0.5546403  -1.147151   -0.14000547  0.19499135 -0.48870838  0.701
  0.67731667  0.4635936   0.141858    0.6008652  -0.3245114  -0.67265445
 -0.09040592 -0.84901875  0.45410612 -0.296938   -0.15187268  0.21243224
 -0.33396783  0.9646094   0.01687597 -0.39788413 -0.20035498  0.74317294
 -0.02431938  0.07006867  0.57679784]

[-0.01628805 -0.00564728 -0.01371339  0.02066632  0.01152581 -0.019348
 -0.01496333  0.0052717   0.0047205  -0.00729692  0.00590807 -0.01026739
  0.01817701 -0.00394742  0.0072217  -0.00642029  0.02088965  0.00064984
 -0.00202889 -0.00959977 -0.01420412 -0.01317889 -0.02056615  0.00879766
 -0.0178504  -0.01970595  0.01538731 -0.02032217  0.00322133  0.00053074
 -0.00251119  0.01657592 -0.01976485  0.00653483 -0.0086375   0.02089958
  0.00471618 -0.00396451  0.02159142  0.01082702  0.01116889  0.00489023
 -0.01694334  0.00726247  0.01647497]

[ 3.17108887e-03 -2.51697167e-03 -1.41977575e-02  1.78140216e-02
 -8.30917910e-04 -3.73049057e-03  8.63005314e-03 -1.37860011e-02
  1.50343310e-02 -5.40142588e-04  6.68662135e-03  1.04757333e-02
 -6.31459570e-03 -2.60492158e-03 -6.12125639e-03 -1.09883519e-02
  6.12735748e-05 -7.96178728e-03 -3.40500148e-03 -4.44163475e-03
 -1.96096906e-03  1.83599368e-02  9.56595503e-03 -4.05801646e-03
  1.42507954e-02  3.21188499e-03  1.92238167e-02 -1.46686947e-02
 -8.81291274e-03  1.45216389e-02 -1.37477717e-03  7.69150769e-03
 -2.02937741e-02 -2.01276429e-02 -8.98355339e-03  2.03275438e-02
  7.29441922e-03 -1.03469267e-02  9.96528752e-03 -1.07044084e-02
  4.47994610e-03 -1.12493383e-02  3.97702586e-03  1.21145248e-02
  8.44763126e-03]

[-0.01214892 -0.01404884 -0.00214586  0.01991642 -0.00362834  0.02111241
 -0.02019867  0.00657127  0.01465027 -0.00504903  0.00439608  0.00756414
 -0.00441117  0.00426496  0.01281414 -0.00537875 -0.00355358  0.02026528
  0.00828003 -0.01910366  0.01077657  0.01095375  0.00084269  0.02186739
  0.00581225  0.01154187 -0.00224934 -0.01495032  0.00442036  0.00628516
 -0.00909789 -0.00034329  0.01732254 -0.01040777 -0.01095525 -0.02140363
 -0.01290851  0.0175504   0.00608786 -0.01044485 -0.00612245  0.00584192
 -0.0023575  -0.00632948 -0.00986828]

[ 0.01241056 -0.00630491  0.01514564 -0.00737761  0.00972899 -0.01634986
  0.00144189  0.00272883 -0.02052621  0.01352824  0.01630924 -0.01219687
  0.00168188  0.00802137  0.00135792  0.00560192 -0.00410507 -0.01434556
 -0.00342497  0.00527784 -0.01348907  0.00971442 -0.01551911 -0.00203144
 -0.01880739  0.00470231 -0.00964692  0.01176065  0.01027703 -0.01151998
  0.00138569  0.01690917 -0.01502648 -0.0101422  -0.01447732 -0.0073025
 -0.01214975 -0.02009363 -0.01904446 -0.00888626  0.01478204 -0.00411387
  0.02210278 -0.01587074 -0.02155284]

[-0.00966266 -0.00541949 -0.01633971 -0.02010987  0.0039313   0.02104358
  0.00926204  0.01974434 -0.02164331 -0.00862112 -0.00590607 -0.00947381
 -0.01787763 -0.01248788 -0.01025889 -0.00308911 -0.01325952 -0.00323735
 -0.00399006 -0.01799928  0.01696995 -0.01235227  0.02023994 -0.01165227
  0.01601985 -0.01655083  0.00208802  0.00711005  0.00040131  0.00945302
 -0.00860442  0.01175448  0.02196166  0.01155366  0.01719262  0.00081761
 -0.01387657  0.01533412 -0.0052309  -0.01062619 -0.00589232  0.00671243
 -0.01384974  0.00341508  0.01375314]

[ 0.01471186  0.01862862  0.00102883  0.02071136 -0.01406914 -0.00153568
 -0.01126616  0.00995331  0.0099291   0.00150766 -0.00600666 -0.0177051
 -0.00854667  0.01340036 -0.01093086  0.02035106 -0.01618203  0.01138427
  0.02065223 -0.01234761 -0.01762681  0.00618487 -0.0197412   0.00574883
  0.0038084  -0.00778502 -0.00015554  0.00162319 -0.01907797  0.00991044
  0.02072775 -0.00984633 -0.01070534 -0.01398707  0.00366853  0.01858485
  0.01056727  0.01233665 -0.00329258 -0.01411977  0.01203931  0.0108833
  0.02152053 -0.01322584 -0.01620345]

[-0.01886667 -0.01398622 -0.00550039  0.0215206   0.00465457 -0.0201671
 -0.0117283  -0.00482932 -0.00253097 -0.01998076 -0.00732437 -0.00242707
  0.00045554 -0.01320235 -0.01948537  0.00730022 -0.01535005 -0.01731045
  0.01812816 -0.01769228 -0.02195929 -0.02040813 -0.00989075  0.019913
  0.00313322 -0.01738845  0.01711382 -0.00272079 -0.01596935  0.01302739
  0.01081463 -0.01781655  0.01839072  0.00029324  0.01170592  0.00533038
 -0.00290592 -0.00388487 -0.00746086  0.01816946 -0.01835135  0.00631138
  0.01122474  0.00359787 -0.01668406]

[-0.31866765 -0.55616915  0.5053749   0.40611574 -0.22035941  0.5242516
 -0.00647878  0.04127828 -0.338597    0.11205094  0.56340027 -0.00485185
  0.43019474  0.11124255  0.08832666 -0.9556394  -0.579199   -0.3105244
 -0.47157052 -0.79682374  0.07902909  0.151268   -0.04446337  0.7444472
  0.5930355   0.42622876 -0.17282525 -0.00652066 -0.6442441  -0.32860917
 -0.55335236 -0.3365345   0.30053207 -0.21820952  0.08354175 -0.05623586
 -0.24524648  0.24388449  0.22007386 -0.52264494  0.09031507  0.32329568
  0.28446543 -0.17494239  0.00996144]

[-0.00692956  0.02090672  0.02173995 -0.01277513  0.00925682 -0.00834285
 -0.00908517  0.00217055 -0.01391249  0.00678606 -0.00769929  0.02213296
 -0.00983148 -0.01822662 -0.01005083 -0.00275426 -0.0182909  -0.0071472
  0.00980913  0.02002967  0.00707044  0.02024896 -0.00106253 -0.00136899
 -0.01266302  0.00688721 -0.01001601  0.00276227  0.00798776 -0.01667086
 -0.00989519 -0.01999865  0.01360283  0.01400873  0.00998564 -0.00697615
  0.00942762 -0.01536978 -0.00620614 -0.01832098  0.01667774  0.00860713
  0.00242512  0.01316689 -0.01894686]

[ 0.02154151 -0.00169297  0.01231186  0.00417376 -0.02124288  0.01296148
 -0.00074797  0.00478452 -0.0158658  -0.01806975  0.00283525 -0.01783687
 -0.01604128  0.02090882 -0.00084154 -0.02120389  0.00733468 -0.0104226
 -0.01861672  0.01118925  0.01712361 -0.01316591  0.00284518 -0.00277447
  0.00057779  0.01928936  0.00430778  0.0161302  -0.00042378 -0.01369276
 -0.004056   -0.00998726  0.02004391  0.00885719  0.00639101 -0.00174657
  0.00954928 -0.01042171 -0.01238218  0.00639244 -0.02114939  0.00165537
  0.00589699 -0.02133118 -0.00903947]

[-0.44000632 -0.4742455  -0.00929722  0.7167931   0.08626312  0.6307566
  0.11350971 -0.17967568 -0.4603998   0.44493404  0.67178017 -0.08207565
  0.26826754  0.30774948  0.6052788  -0.6886836  -0.5991126   0.10522547
  0.23988986  0.02174543 -0.4489451  -0.50524944  0.03267293 -0.21889088
  0.21887013  0.04786232  0.2955542  -0.40731654 -0.26485154 -0.47715065
 -0.04646984 -0.6429715   0.0563327  -0.07361098  0.2806829  -0.01570768
 -0.38588327  0.41328868 -0.12804772 -0.51630944 -0.15651186  0.34434977
 -0.22087228 -0.19377553  0.09778546]

[ 9.76078987e-01 -3.94134969e-01  1.00276756e+00  6.93466127e-01
  2.01461971e-01  1.50554091e-01 -9.17849094e-02  9.03433979e-01
  3.95063877e-01  1.21098541e-01  1.44959319e+00  1.34267330e-01
  2.04924405e-01  2.39050820e-01  9.57123414e-02 -6.63011372e-01
 -4.56204057e-01 -8.96686435e-01  1.05152151e-03  5.15691280e-01
  1.24148893e+00  1.25004098e-01 -5.16418695e-01  1.42557108e+00
  1.83117616e+00  5.06476939e-01  1.61098078e-01 -2.44750306e-01
 -8.89720023e-01 -6.44346595e-01 -2.67651349e-01 -9.78706717e-01
 -1.67330995e-01  1.08145714e-01  3.74543339e-01 -5.21648586e-01
 -4.65694100e-01  8.70369315e-01  1.52119547e-01 -2.67041828e-02
  2.50915378e-01  8.91878128e-01  9.09331024e-01 -3.65783125e-01
  3.98366123e-01]

[ 0.01523768 -0.0132327   0.0042063  -0.01425381  0.00979837  0.00379035
 -0.00170426 -0.01198543  0.00950211 -0.00137274  0.0101297  -0.01004691
 -0.01380394  0.0188929   0.00394932 -0.01636253  0.01157026 -0.01865218
 -0.02071553  0.01853459 -0.01369201  0.01624709 -0.0088897  -0.01022458
  0.01777129 -0.00718342 -0.00911077 -0.01403016 -0.02159362 -0.01668474
  0.01982117  0.01954189 -0.02135993  0.00693693 -0.00415509  0.00609859
 -0.00651775  0.00219956 -0.01083341 -0.00518716  0.01110157 -0.01384943
 -0.01385326  0.007821   -0.00070172]

[ 6.8346394e-04  1.7240656e-03 -1.5615047e-02  1.7969621e-02
  4.8033395e-05 -1.6530847e-02 -4.6973866e-03  1.7045964e-02
 -9.5384680e-03 -1.1600354e-02 -3.3012230e-04  1.1267922e-02
 -1.9639868e-02 -1.7192613e-02 -1.7083537e-02  1.4900446e-03
 -3.2456266e-03 -1.5845520e-02 -2.1916438e-02  7.7522648e-03
  2.0196870e-02  5.3055128e-03 -1.8159566e-02  5.1747109e-03
 -1.5257979e-02  3.7238519e-03 -5.2277246e-03 -2.1091959e-02
 -2.2769265e-03 -1.4688447e-02  9.9033490e-03 -2.0071851e-02
 -5.1221661e-03 -7.9687750e-03 -5.9278701e-03  2.3104218e-03
  1.9951186e-03 -6.9683101e-03 -1.2117972e-02 -1.6988065e-02
 -1.4127779e-02  1.5271738e-02 -1.0776777e-02  1.9173723e-02
  4.3043350e-03]

[ 0.29176873 -0.44370952  1.5387559   0.36672884 -0.4724607   1.177963
 -0.18396443 -0.4847022  -0.4411727   0.06409892  1.5363729   0.01859393
  0.72105086  0.8166075  -0.02040383 -0.4728433  -0.32020426 -0.3665737
  0.35473344 -0.54155535  0.685328    0.09661441 -0.46850675  0.43825036
  0.7095605   1.1908315   0.17516182 -0.14811675 -1.3224928  -0.67475545
 -0.21194655  0.07849102  0.9498643  -0.32618594 -0.08114064  0.20415936
 -1.0115657   0.68325365  0.5616448   0.30976915  0.3333965   0.4193457
  0.10130446 -0.24454585 -0.25719243]

[-0.00974398  0.00125989 -0.00522311 -0.01042437  0.00899056 -0.02047614
 -0.00912642  0.00662191 -0.0068572   0.02073331  0.00715567  0.019961
  0.0074445  -0.00142614  0.00609799  0.01666446 -0.0022928   0.0064721
 -0.00032667 -0.00597189  0.00113153 -0.01471886  0.00637778 -0.00719071
 -0.00666342 -0.02203981  0.02191652  0.01959745  0.01044904 -0.0007039
 -0.02205951 -0.00758969  0.0077947   0.01796288 -0.01436424  0.01907689
  0.00608503  0.01225188 -0.00231375 -0.01215456  0.00554024  0.01563272
  0.00170276  0.01794882  0.01237034]

[ 0.3161983  -0.5372781   0.15427455  0.7977606   0.219287    0.33277822
  0.30431542  0.05155157 -0.01004216  0.3402949   0.9053647  -0.14121002
  0.37159443  0.53560776  0.1552503  -0.40363255  0.09815578 -0.04087515
 -0.34120336 -1.1356661  -0.4435216   0.13764803  0.01360998  0.20311245
  0.67935     0.5773834   0.5212317  -0.5255902  -0.88945985 -0.5990386
 -0.4948791  -0.3739544   0.08540577 -0.6269512   0.01353753  0.08344645
  0.00926505  0.47829175 -0.20004112  0.07419511 -0.869786    0.33964545
  0.0079743  -0.1488526   0.08997753]

[-0.15994877 -1.3494157   0.466071    1.0672319   0.18588176  0.6959096
 -0.02130528  0.720961   -0.26602197 -0.18803476  0.14967343  0.09446511
  0.07297311  0.68094313  0.37306285 -0.93486416 -0.84106696 -0.67862993
 -0.5301743  -1.4600478  -0.9695758   0.6621495  -0.82348394  0.42601904
  0.2911784   0.4076574   0.36706397  0.02914297 -0.13446431 -0.4619325
  0.03709956 -0.9337622   0.4937351  -0.5721065   0.40120232 -0.20638327
  0.1464165   1.3993508  -0.27024168 -0.7253491  -0.60680926  1.101566
 -0.43219036 -0.5881075   0.45767313]

[ 0.36015496 -0.04786646  0.2715773   1.2276001  -0.50689185  0.1763408
 -0.18251947  0.45200744 -0.73587865  0.65640056  0.32387084  0.10096043
  0.11249866  0.8838007   1.0841054  -1.01296    -0.2715797  -0.46369496
  0.05707265 -0.7629187   0.8702273   0.15224332 -0.20742975  0.48059347
  0.97192824  0.9923043   0.37872046  0.60500664 -0.5107614  -1.2178323
 -0.19534047 -0.1471132   0.7498217  -0.55019784 -0.16278271  0.24562478
 -0.75761867  0.8260855   0.12830602 -0.41853374 -0.6743694  -0.3958655
 -0.28342563 -0.18398957 -0.00692271]

[ 0.02031617 -0.00940945 -0.02019433 -0.01711665 -0.0102741  -0.00267417
 -0.02051141 -0.00537424 -0.0208516   0.00758691 -0.00817879  0.01991013
 -0.0217144   0.0168377  -0.01312347  0.01162869 -0.01978348 -0.00743525
  0.00566901  0.00178839  0.01619587  0.02080897 -0.01451764 -0.00872004
  0.01864083  0.0216779   0.01161023 -0.01816455  0.00749953  0.00379012
  0.00989988 -0.01383035  0.00433205  0.01190217  0.01525658 -0.0163308
  0.01644955  0.02045805 -0.0132492  -0.01430715 -0.00731147  0.01383677
 -0.01939248  0.00040352 -0.00981541]

[-0.01808195 -0.01859446 -0.00233018  0.00290643 -0.01962321 -0.01091097
 -0.00463969 -0.01446921 -0.00748851  0.0064607  -0.02067327  0.01536595
 -0.00534798  0.00144986  0.01229994  0.00870859 -0.00161399 -0.01411308
 -0.00417478 -0.00402271  0.00047202  0.01578334 -0.0180313   0.00261912
  0.01693738  0.01699469 -0.00713473 -0.01782725  0.01414711  0.0089487
 -0.01242004  0.006811   -0.01148225 -0.00531894 -0.01054769  0.00681516
 -0.01285292  0.0125343   0.00497642  0.01085704 -0.00760312 -0.00682193
 -0.01335791 -0.01349423 -0.00614015]

[ 0.01771206 -0.01118976 -0.00884166  0.01755076 -0.01140997 -0.01302935
 -0.01459009  0.01021405  0.01760114  0.00815742 -0.01063532  0.01465584
 -0.01407251 -0.01682521  0.01218442 -0.00706856  0.01025398 -0.00483963
  0.02156795  0.02143242 -0.01441926  0.00092883 -0.0064416   0.00618998
 -0.01238163 -0.00329407  0.00847475 -0.01197949 -0.01222567  0.02139921
 -0.00681551  0.00202004 -0.02098595 -0.01359066 -0.01881914 -0.01916131
 -0.01444999  0.00834223 -0.00036078 -0.00826637  0.00752818 -0.01772697
  0.01200314 -0.00392265 -0.01629915]

[-1.4612834   0.21003856  1.3931047   1.2554215   0.60557497  1.3891904
  0.3394568   0.3157236  -1.0323701   1.2553704   2.036752   -0.97984415
  0.63110805  1.846659    0.9585469  -0.67214024 -0.7290812  -0.1792858
  1.2004642  -1.2851144   0.3401686  -0.33497936 -0.30930805 -0.13685936
  1.6578746  -0.31229118  0.3454641   0.00806045 -1.2397404  -1.5369478
  0.02885288 -0.64589185 -0.21220684  0.5655959   0.15389028 -0.14523196
 -1.489043    0.62060934 -0.08866953 -0.4005138  -1.0484737   1.3239383
 -0.64287335 -0.94798267 -0.5923316 ]

[-2.1133099  -0.19282193  1.861832    1.3757178   0.2360606   1.8107705
  0.08245985 -0.09093583 -1.1610525   1.1390117   2.403085   -0.859865
  0.27538374  2.3494995   1.191914   -1.4085953  -1.3420707  -0.09443356
  0.85243696 -1.2249163   0.21577176 -0.3805006  -0.04529741 -0.42267776
  0.906341    0.69488543  0.8202009  -0.3736823  -0.26210785 -0.10184958
  0.16031104 -0.50602704 -0.15123492  0.702687   -0.43680015 -0.18455875
 -1.4625199   0.8505543   0.41571227 -0.9000689  -0.4016441   0.41703779
 -0.18730463 -1.0122178  -0.33515278]

[ 0.02103328 -0.01737198  0.0070186  -0.02039654 -0.00712792  0.00297922
 -0.01790512  0.01173816 -0.00242024  0.01735894 -0.00929712  0.00495423
  0.0003359   0.01518151 -0.01274833 -0.02046595 -0.01218561  0.01653043
  0.00919862 -0.0120058  -0.02167615 -0.01979365 -0.01635563 -0.00400162
 -0.0105422  -0.01127461  0.00239695 -0.00201025  0.01744768  0.01398578
 -0.00326718 -0.00931804 -0.00570934  0.00433364 -0.00011449 -0.00285995
  0.01357839  0.01864756 -0.01707868 -0.00516249  0.01010759 -0.00717702
 -0.01343096 -0.01503859 -0.00192544]

[ 0.13000017 -0.03734168 -0.10672974  0.893307   -0.25864002  0.45860523
 -0.05446926  0.09242681 -0.28736138 -0.10398672  0.854111   -0.42176527
  0.27335787  0.75976217  0.25680435 -0.68744564 -0.16014694  0.19775477
 -0.88798463 -0.91024965 -0.44602084 -0.11362734 -0.06071321  0.72242945
  0.8017254   0.19355118  0.55322075  0.5274644  -0.35807052 -0.2975309
 -0.09050857 -0.70850796  0.20823278 -0.4867159   0.00118144 -0.10915537
  0.06500965  0.6583718  -0.29237702  0.1106645  -0.49660695  0.5918989
  0.24653694 -0.13389423  0.31912947]

[-0.00195181  0.00623234 -0.00454863 -0.00898813 -0.01164454 -0.02120603
  0.01829228  0.01157241  0.01462968 -0.00910219  0.01577028 -0.00095726
 -0.01065924 -0.0158413   0.0083081  -0.00081983 -0.01277217 -0.00880599
 -0.01588664 -0.01537326 -0.00462616  0.01198622 -0.02112285  0.00303221
  0.00101968  0.00607144 -0.00493968  0.00588717 -0.00140503 -0.00155106
 -0.01532869 -0.0103706  -0.00733207 -0.00831035 -0.01010572  0.01790251
 -0.00753073 -0.00621133 -0.01838415 -0.00136983  0.01127478 -0.00464044
  0.01459773  0.01020661  0.00632513]

[ 0.01544428  0.02170022  0.00620235 -0.01364663  0.00341035 -0.00181869
 -0.017295   -0.0137724  -0.01220166  0.00235471 -0.01406409  0.0013846
 -0.01488195 -0.01557272 -0.02028928 -0.00559406  0.01546238 -0.01317013
  0.00978178  0.01723345  0.01275984 -0.01649773 -0.01385563  0.01273084
  0.02127989  0.00223571  0.01640441 -0.01566279 -0.01434117 -0.01376283
  0.01460959  0.0135598  -0.01274854  0.01383879 -0.01632333 -0.02077677
 -0.01272819 -0.01849808 -0.00644104  0.00466004 -0.00296645  0.00118264
 -0.01037627 -0.01521116  0.01642651]

[-0.01212538 -0.01218911 -0.01545655  0.01836499 -0.01981382  0.01593342
  0.00075277 -0.01476495  0.0217943   0.01990743  0.01818051 -0.00850727
 -0.00885182 -0.01613047  0.00892688  0.0101389  -0.01836598 -0.00232392
  0.01640144  0.00651517 -0.02174642 -0.0179872  -0.00292117 -0.01358057
 -0.01407555  0.00079223  0.01412231 -0.01469903 -0.02024109 -0.00497995
 -0.01556731 -0.00614058  0.00916766 -0.01752221  0.00544245 -0.01177487
  0.01886282 -0.01051151 -0.01022262 -0.01355233  0.01649047  0.01911667
  0.00724885  0.02098138  0.00220779]

[-1.0882171  -0.11064527  0.45507172  0.88133055  0.70576715  0.32648095
 -0.1325454   0.626815   -0.8884119   0.04148211  0.25575894  0.5522118
  0.85860544  0.630682    0.7681139  -1.1814731   0.5951192  -0.39809743
 -0.5785898  -2.1218739  -0.8753633  -0.10608932 -0.83537817  0.9818412
  0.93836534 -0.11775322 -0.27097273  0.34299108 -0.26936004 -0.84603375
  1.1457614  -0.38917103  1.1489766  -0.34229192  0.361973   -0.19176179
 -0.7095953   1.2322989   0.7774438  -0.5650182  -1.0574324   1.2904519
  0.33490402 -0.35415632  0.17097673]

[ 1.6873046  -0.9242675   1.6459577   2.7665367   0.15747254  1.211504
 -0.04326561  0.37801862 -0.3119988  -0.35291544  1.6971043   1.0047523
  0.28282553  1.5975981   0.02816814 -0.4056521   0.33829436 -0.45244378
  0.37082294 -1.9466487   0.9857752  -0.02095631  0.1264421   0.7194238
  1.6953025  -0.11285295  1.5054356  -0.46331134 -1.5638022  -1.3359351
 -1.1374495  -0.26067224 -0.4051801  -0.20612614 -0.37009948  0.797931
 -0.61919993  0.33371043  1.6322058   1.0398593  -0.92735505  0.8648985
  0.2811387  -0.5381016  -0.28075847]

[-0.96071464 -0.7782446   1.2056888   1.15764     0.52272195  0.1093296
  0.760017    0.7508656  -0.00501124 -0.20155062  0.13989162  0.19371611
 -0.52887493  1.3237188   1.0545847  -1.3019838  -0.9608351  -1.0762042
 -0.2743678  -2.036439   -0.71559995  0.72741187 -0.7608091   0.3762904
  1.3338507   0.49010625  0.20033164  0.5428677  -0.7084977  -0.8809375
  0.2326803  -0.49193382  0.06085018 -0.34175318  0.08341872 -0.35868022
 -0.10299692  1.5021592   0.57360345 -1.0615503  -0.80804354  1.3133491
 -0.15487704  0.26269904  0.8157005 ]

[-0.01124108 -0.0011019   0.01804461 -0.02003941  0.01668338 -0.01189402
 -0.01360925 -0.01093763  0.01650998 -0.00142394 -0.01797019 -0.01165169
  0.02047618  0.00188807  0.01429955 -0.00610017 -0.00686621  0.0182207
 -0.01567278  0.00572631  0.01442626 -0.01219554  0.01100046 -0.01515293
 -0.02146175  0.00526472  0.01279639  0.02160197 -0.02115916  0.00501874
  0.00636369 -0.00873489 -0.00212794  0.0068883  -0.01926067  0.0198047
 -0.00598516  0.01999277 -0.01677044  0.0131088   0.00066894 -0.0006863
  0.02052107  0.01042665  0.00746622]

[-0.2728468  -0.14617471  0.11922211  1.8598125   0.33352455  0.59846896
 -0.09230441  0.15907814 -0.65284044  0.65474445 -0.17386372  0.47965768
  0.35494187  0.6512446   0.5821537  -0.63760954  0.02989735 -0.49675292
 -0.7245737  -1.1675432  -0.5653749   0.03666982 -0.31766617  0.92418903
  0.5670289   0.10811403 -0.12196747  0.433495   -0.6154368  -0.8933161
  0.01431754 -0.886513    0.37873992 -0.6066122  -0.06597144 -0.5921914
 -0.1664098   0.5529074  -0.235648   -0.6158054  -0.7215538   0.3652676
  0.0493428   0.46809235  0.3770666 ]

[-1.0922283  -0.8132217   1.7858176   1.5190897  -1.5067185   1.4332777
  0.34195244  0.5279535  -0.7460298   0.08213795  1.2094156  -0.44699723
  0.6549084   1.7264185   1.4157917  -0.00254549 -0.08784632  0.50349927
  0.86068374 -0.7295875   0.32847688 -0.77600724  0.18991753  0.87663144
 -0.31679034 -0.63986     0.1801121  -0.33071086 -0.68601143 -1.7259916
 -0.5243487  -0.2434577   0.78717846 -0.41458684 -0.14883491 -0.30525336
 -2.0289862   0.86863434  0.059496   -0.5336392  -1.1879529   0.3978681
 -0.03658297 -0.8532038   0.24519995]

[ 0.8465339  -1.2273008   1.7855345   0.5323159  -0.8348455   0.5277896
  0.04371817  0.5559419  -1.081494   -0.23431434  1.1381003  -0.12855843
 -0.27535877  0.41140997  0.58698475 -0.10610483 -1.1847236  -0.26173335
 -0.9214836  -0.60694784  0.46075925 -0.42112416 -1.0809559   0.5429281
  0.4750385   0.34586966 -0.21171583 -0.5565791   0.03765173 -0.47597507
 -1.171097   -0.6285914   0.17433555 -1.1644531   0.3570908  -1.4991282
 -0.53248733  1.2455736   0.49139443 -0.4467065  -0.3452662   0.2362399
 -0.5557626  -0.5410123   1.1480722 ]

[-1.0365887   0.35586402  1.1003785   0.98695326  0.74536544  1.1696681
 -1.1340938   1.3266101  -0.57075864 -0.5509458   0.66587573 -0.13470209
 -0.6879205   0.88712865  0.70336956 -0.4815415  -0.66601026 -0.9900053
 -0.18619879 -1.6953962  -0.07890011  0.1568606   0.08082383  0.8928177
  1.1617328   0.44703814 -0.10296161 -0.10616479 -0.3872665  -1.0248804
  0.01882418 -0.7369388   0.41059026 -0.7183868  -0.379165   -0.56307584
 -0.3574953   0.81476814  0.36513925 -0.43232366 -0.299459    0.37737224
  0.19953789 -1.3631177   0.8776476 ]

[-1.0407305   0.01903212  0.77860594  1.3759012  -0.4005894   0.31653532
  0.54122657 -0.2501264  -0.81494284 -0.55645657  0.62189853 -0.46529275
 -0.2535634   0.2765239  -0.11993861 -0.70795506 -0.6307392  -0.4620236
 -0.47743458 -0.6956633   0.07206482  1.0036714   0.15375604  1.366614
  1.532891    1.5076243  -0.64656174  0.60208225 -0.7737869  -0.9360746
  0.29685146 -0.7025192   0.45381185  0.10108418  0.44224378  0.0484798
 -0.7639965   0.56796557 -0.4402941  -0.8049026  -0.5984947   0.42312223
  0.6409612  -1.0279588   0.25877577]

[ 0.00137122 -0.4419514   0.51113737  1.0923918  -0.05928738  0.66677964
  0.01565332 -0.32265112 -0.6607378   0.33897245 -0.03980668 -0.10494684
 -0.2517505   0.04591451  0.69383997 -0.29590473  0.17978545 -0.85900056
 -0.6277655  -0.6976457   0.34136817  0.23847328 -0.07186251  0.39527532
  0.24565502  0.7583573  -0.40928277 -0.70478785 -0.67293596 -0.4679659
 -0.24579301 -0.40148863  0.62805516 -0.7910902   0.69229513 -0.2676159
 -0.8938887   0.92738706  0.61538917 -0.2751165  -0.5865588  -0.40916368
 -0.6774662  -0.16863576  0.415443  ]

[-0.02160094 -0.0127488   0.01467627  0.00607124 -0.01596592  0.01872242
  0.00775707 -0.00011779  0.01066325  0.00448052  0.00010403  0.02074018
  0.01197726  0.01409363 -0.01066596  0.00659491 -0.0012536  -0.01679271
  0.01165104  0.00305559 -0.0189355   0.01197814  0.00854251 -0.01488579
  0.0199849   0.01425641  0.00632988 -0.00798512 -0.01797901 -0.00463651
  0.00481089 -0.01775524  0.01009697  0.00715951  0.01988873 -0.00758632
 -0.00133058 -0.00622539  0.00333062 -0.00199439  0.00329496  0.00137907
 -0.01694881  0.00614211  0.00498896]

[ 2.19099130e-02  8.95849895e-03  5.56190033e-03 -4.47736867e-03
 -1.71546005e-02 -8.15905165e-03  2.17876546e-02 -1.89291425e-02
 -2.18706708e-02  2.02186983e-02  1.58839170e-02  1.56056322e-02
 -1.68040097e-02 -3.08129797e-03 -2.12276001e-02 -5.74827986e-03
  1.11259827e-02  7.46314507e-03  2.94854894e-04 -3.52620543e-03
 -1.29530458e-02  4.34416113e-03  5.76520758e-03 -1.90171003e-02
  4.48110886e-03 -1.80070233e-02  3.37713561e-03  1.73939066e-03
  4.46716949e-05  4.41604197e-06  1.58656128e-02  2.49485974e-03
  1.97325367e-02 -5.42650744e-03 -8.15831590e-03 -1.97022818e-02
  1.50321005e-02  1.07824644e-02  2.08533481e-02 -3.82914534e-03
  7.46362191e-03 -1.73330251e-02  7.50603434e-03  1.73372552e-02
  1.21254157e-02]

[-0.17396156 -0.00642254  0.20136574  1.3479444  -0.07775588  0.327861
 -0.08273623  0.10432798 -0.65935045 -0.0261268   0.57517666 -0.29477006
  0.05674922  0.5786897   0.23439284 -0.6444169  -0.2912651  -0.10462489
 -0.11056181 -0.7213277  -0.22584322 -0.3368352  -0.72015804  0.9142436
  0.29209423  0.16396113  0.5300412   0.4747037   0.36021745 -0.52336794
 -0.04177051 -0.6421438   0.3708513  -0.41314626  0.29487726  0.0107825
 -0.6963422   0.5162859  -0.00541881  0.07255184 -0.32716432  0.10386968
  0.6445178  -0.18863186  0.5875164 ]

[-0.02772321  0.6181715   1.2627742   1.3047179  -0.283079    0.20673239
 -0.462666   -0.42525798  0.11733355  0.46149606 -0.0277759   0.00681995
  0.2573506   0.72638464  0.6647707  -0.44653624  0.2504968  -0.06445787
 -0.17425619 -1.0799642   0.41995987 -0.33697465 -0.18043767  0.32812706
  1.0500613   0.5340881   0.1500427   0.6549201  -0.4367598  -0.30589604
 -0.6466329  -0.5568241   1.1599975  -0.8103156  -0.08081048 -0.03842341
 -0.8962804   0.6794573   0.5449602  -0.25703686 -0.77702546  0.04265774
  0.22176869 -0.3043281   0.12507626]

[ 0.15159434 -0.8652888  -0.38513407  1.0762813   0.02483671  0.6132352
  0.26477242  0.37861645 -0.27855873  0.01455012  0.10120911  0.39083838
  0.11263708  0.02217388  0.23747534 -0.8620947  -0.10937185 -0.44463024
 -0.46435773 -0.8121651   0.00556818 -0.40479314 -0.29781306  0.19663729
 -0.00973498  0.56439656 -0.19501992 -0.35905397 -0.33916444 -0.3130102
 -0.15605699 -1.2630144   0.17377783 -0.99433255  0.36915755 -0.19222032
 -0.07553285  0.4243185   0.28992045 -0.60057956  0.02289043  0.00201503
 -0.23093922 -0.4141449   0.36311376]

[-0.10536969 -0.36117917 -0.11859128  0.55008423 -0.04185765  0.23322745
 -0.05827152 -0.3498409  -0.542633    0.17940558  0.18247724  0.29564705
 -0.12642643  0.04724202  0.11986437 -0.39496303 -0.22968177 -0.14138797
 -0.4045629  -0.28816462 -0.16149426 -0.18147053 -0.10565458  0.3143592
  0.5644962   0.22846065 -0.01808272 -0.00201514 -0.6690817   0.01947128
 -0.24040954 -0.65977967  0.5757302  -0.2850705   0.512772   -0.14770694
 -0.510246    0.6854007  -0.00560329 -0.17709985 -0.3173733   0.1078677
  0.1277872  -0.39445004  0.6056098 ]

[-0.62340754  0.12281311 -0.1934988   0.8193557   0.4862577   0.725697
 -0.81213564  0.3913136  -0.94408536  0.06365041  0.45585448 -0.14967862
  0.46666905  0.7473435   0.08831938 -0.89029324 -0.7569805  -0.38801596
 -0.110025   -0.87682027  0.08272465  0.1273554  -0.49439368  0.9567735
  0.8826474  -0.1529683  -0.60555196  0.667111   -0.6107497  -0.36105546
  0.1348184  -0.7340168   0.8070216   0.29766056  0.8202345  -0.3119955
 -0.25874397  0.7379054  -0.08858562 -0.29554498 -0.19868733  0.58848554
 -0.306544   -0.49004117 -0.1266557 ]

